HEA 100 96 100 8,0 5,0 12 0,561 2124 400 16,7 349,2 72,8 83,0 40,6
HEA 120 114 120 8,0 5,0 12 0,677 2534 490 19,9 606,2 106 119 48,9
HEA 140 133 140 8,5 5,5 12 0,794 3142 638 24,7 1033 155 173 57,3
HEA 160 152 160 9,0 6,0 15 0,906 3877 804 30,4 1673 220 245 65,7
HEA 180 171 180 9,5 6,0 15 1,02 4525 912 35,5 2510 294 325 74,5
HEA 200 190 200 10,0 6,5 18 1,14 5383 1105 42,3 3692 389 429 82,8
HEA 220 210 220 11,0 7,0 18 1,26 6434 1316 50,5 5410 515 568 91,7
HEA 240 230 240 12,0 7,5 21 1,37 7684 1545 60,3 7763 675 745 101
HEA 260 250 260 12,5 7,5 24 1,48 8682 1688 68,2 10450 836 920 110
HEA 280 270 280 13,0 8,0 24 1,60 9726 1952 76,4 13670 1010 1110 119
HEA 300 290 300 14,0 8,5 27 1,72 11250 2227 88,3 18260 1260 1380 127
HEA 320 310 300 15,5 9,0 27 1,76 12440 2511 97,6 22930 1480 1630 136
HEA 340 330 300 16,5 9,5 27 1,79 13350 2822 105 27690 1680 1850 144
HEA 360 350 300 17,5 10,0 27 1,83 14280 3150 112 33090 1890 2090 152
HEA 400 390 300 19,0 11,0 27 1,91 15900 3872 125 45070 2310 2560 168
HEA 450 440 300 21,0 11,5 27 2,01 17800 4577 140 63720 2900 3220 189
HEA 500 490 300 23,0 12,0 27 2,11 19750 5328 155 86960 3550 3950 210
HEA 550 540 300 24,0 12,5 27 2,21 21180 6150 166 111900 4150 4620 230
HEA 600 590 300 25,0 13,0 27 2,31 22650 7020 178 141200 4790 5350 250
HEA 650 640 300 26,0 13,5 27 2,41 24160 7938 190 175200 5470 6140 269
HEA 700 690 300 27,0 14,5 27 2,50 26050 9222 204 215300 6240 7030 288
HEA 800 790 300 28,0 15,0 30 2,70 28580 11010 224 303400 7680 8700 326
HEA 900 890 300 30,0 16,0 30 2,90 32050 13280 252 422100 9480 10800 363
HEA 1000 990 300 31,0 16,5 30 3,10 34680 15310 272 553800 11200 12800 400
rb
 133 26,8 41,1 25,1 0,0526 6,57 8,80 4,26 2,58 1,17 1,81 542 2,80 HEA 100
 231 38,5 58,9 30,2 0,0602 7,52 10,3 4,88 6,47 2,04 3,12 1360 1,89 HEA 120
 389 55,6 84,8 35,2 0,0816 9,60 13,4 6,61 15,1 3,46 5,28 3160 1,45 HEA 140
 616 76,9 118 39,8 0,123 13,7 18,0 9,96 31,4 5,49 8,41 6600 1,23 HEA 160
 925 103 156 45,2 0,149 15,7 21,6 12,1 60,2 8,28 12,6 12600 0,977 HEA 180
 1336 134 204 49,8 0,211 21,1 27,7 17,1 108 12,0 18,3 22700 0,868 HEA 200
 1955 178 271 55,1 0,286 26,0 35,7 23,2 193 17,7 26,9 40600 0,756 HEA 220
 2769 231 352 60,0 0,417 34,7 47,0 33,8 328 25,1 38,3 69000 0,700 HEA 240
 3668 282 430 65,0 0,526 42,1 55,9 42,6 516 33,4 51,1 108000 0,627 HEA 260
 4763 340 518 70,0 0,624 48,0 64,5 50,5 785 43,7 66,6 165000 0,554 HEA 280
 6310 421 641 74,9 0,856 61,1 81,0 69,3 1200 58,0 88,5 252000 0,525 HEA 300
 6985 466 710 74,9 1,08 69,7 97,0 87,5 1510 68,5 105 318000 0,525 HEA 320
 7436 496 756 74,6 1,28 77,6 109 104 1820 77,6 118 383000 0,520 HEA 340
 7887 526 802 74,3 1,49 85,1 123 121 2180 87,3 133 457000 0,514 HEA 360
 8564 571 873 73,4 1,90 100 146 154 2940 106 162 618000 0,499 HEA 400
 9465 631 966 72,9 2,45 117 176 198 4150 132 202 871000 0,477 HEA 450
 10370 691 1060 72,4 3,10 135 208 251 5640 161 247 1190000 0,460 HEA 500
 10820 721 1110 71,5 3,53 147 229 286 7190 186 286 1510000 0,435 HEA 550
 11270 751 1160 70,5 3,99 160 252 323 8980 212 326 1890000 0,414 HEA 600
 11720 782 1200 69,7 4,50 173 275 364 11000 239 370 2320000 0,397 HEA 650
 12180 812 1260 68,4 5,15 191 305 417 13400 269 417 2800000 0,386 HEA 700
 12640 843 1310 66,5 5,99 214 344 485 18300 320 500 3840000 0,355 HEA 800
 13550 903 1410 65,0 7,39 246 403 599 25000 387 608 5240000 0,338 HEA 900
 14000 934 1470 63,0 8,25 266 442 668 32100 446 705 6740000 0,315 HEA 1000
