HEB 100 100 100 10,0 6,0 12 0,567 2604 480 20,4 449,5 89,9 104 41,6
HEB 120 120 120 11,0 6,5 12 0,686 3401 637 26,7 864,4 144 165 50,4
HEB 140 140 140 12,0 7,0 12 0,805 4296 812 33,7 1509 216 245 59,3
HEB 160 160 160 13,0 8,0 15 0,918 5425 1072 42,6 2492 311 354 67,8
HEB 180 180 180 14,0 8,5 15 1,04 6525 1292 51,2 3831 426 481 76,6
HEB 200 200 200 15,0 9,0 18 1,15 7808 1530 61,3 5696 570 643 85,4
HEB 220 220 220 16,0 9,5 18 1,27 9104 1786 71,5 8091 736 827 94,3
HEB 240 240 240 17,0 10,0 21 1,38 10600 2060 83,2 11260 938 1050 103
HEB 260 260 260 17,5 10,0 24 1,50 11840 2250 93,0 14920 1150 1280 112
HEB 280 280 280 18,0 10,5 24 1,62 13140 2562 103 19270 1380 1530 121
HEB 300 300 300 19,0 11,0 27 1,73 14910 2882 117 25170 1680 1870 130
HEB 320 320 300 20,5 11,5 27 1,77 16130 3209 127 30820 1930 2150 138
HEB 340 340 300 21,5 12,0 27 1,81 17090 3564 134 36660 2160 2410 146
HEB 360 360 300 22,5 12,5 27 1,85 18060 3938 142 43190 2400 2680 155
HEB 400 400 300 24,0 13,5 27 1,93 19780 4752 155 57680 2880 3230 171
HEB 450 450 300 26,0 14,0 27 2,03 21800 5572 171 79890 3550 3980 191
HEB 500 500 300 28,0 14,5 27 2,12 23860 6438 187 107200 4290 4810 212
HEB 550 550 300 29,0 15,0 27 2,22 25410 7380 199 136700 4970 5590 232
HEB 600 600 300 30,0 15,5 27 2,32 27000 8370 212 171000 5700 6430 252
HEB 650 650 300 31,0 16,0 27 2,42 28630 9408 225 210600 6480 7320 271
HEB 700 700 300 32,0 17,0 27 2,52 30640 10810 241 256900 7340 8330 290
HEB 800 800 300 33,0 17,5 30 2,71 33420 12850 262 359100 8980 10200 328
HEB 900 900 300 35,0 18,5 30 2,91 37130 15360 291 494100 11000 12600 365
HEB 1000 1000 300 36,0 19,0 30 3,11 40000 17630 314 644700 12900 14900 401
rb
 167 33,5 51,4 25,3 0,0929 9,29 13,1 7,52 3,37 1,50 2,31 709 3,26 HEB 100
 318 52,9 81,0 30,6 0,139 12,6 18,3 11,3 9,41 2,88 4,41 1980 2,39 HEB 120
 550 78,5 120 35,8 0,201 16,7 24,9 16,3 22,5 5,02 7,67 4720 1,86 HEB 140
 889 111 170 40,5 0,314 24,2 34,7 25,4 47,9 8,15 12,5 10100 1,59 HEB 160
 1363 151 231 45,7 0,423 30,2 44,3 34,3 93,7 12,5 19,2 19700 1,32 HEB 180
 2003 200 306 50,7 0,595 39,7 57,4 48,2 171 18,5 28,3 35900 1,16 HEB 200
 2843 258 394 55,9 0,768 48,0 70,6 62,2 295 26,3 40,2 62000 1,00 HEB 220
 3923 327 498 60,8 1,03 60,6 88,2 83,4 487 36,4 55,6 102000 0,903 HEB 240
 5135 395 602 65,8 1,24 70,9 102 100 754 47,8 73,0 158000 0,797 HEB 260
 6595 471 718 70,9 1,44 80,0 116 117 1130 61,6 94,0 237000 0,701 HEB 280
 8563 571 870 75,8 1,86 97,9 140 151 1690 80,1 122 354000 0,652 HEB 300
 9239 616 939 75,7 2,26 110 161 183 2070 92,1 141 434000 0,649 HEB 320
 9690 646 986 75,3 2,58 120 177 209 2450 103 157 515000 0,637 HEB 340
 10140 676 1030 74,9 2,93 130 194 237 2880 114 174 605000 0,626 HEB 360
 10820 721 1100 74,0 3,57 149 224 289 3820 135 208 802000 0,601 HEB 400
 11720 781 1200 73,3 4,42 170 261 358 5260 165 254 1100000 0,569 HEB 450
 12620 842 1290 72,7 5,40 193 302 437 7020 198 305 1470000 0,545 HEB 500
 13080 872 1340 71,7 6,02 208 328 488 8860 227 349 1860000 0,512 HEB 550
 13530 902 1390 70,8 6,69 223 355 542 11000 257 396 2300000 0,485 HEB 600
 13980 932 1440 69,9 7,41 239 384 600 13400 288 446 2810000 0,462 HEB 650
 14440 963 1500 68,7 8,33 260 421 675 16100 321 499 3370000 0,447 HEB 700
 14900 994 1550 66,8 9,49 288 468 769 21800 380 596 4590000 0,409 HEB 800
 15820 1050 1660 65,3 11,4 326 539 923 29500 454 717 6190000 0,386 HEB 900
 16280 1090 1720 63,8 12,6 350 586 1020 37600 521 827 7900000 0,359 HEB1000
