IPE 80 80 46 5,2 3,8 5 0,328 764 264 6,0 80 20,0 23,2 32,4
IPE 100 100 55 5,7 4,1 7 0,400 1032 363 8,1 171 34,2 39,4 40,7
IPE 120 120 64 6,3 4,4 7 0,475 1321 472 10,4 318 53,0 60,7 49,0
IPE 140 140 73 6,9 4,7 7 0,551 1643 593 12,9 541 77,3 88,3 57,4
IPE 160 160 82 7,4 5,0 9 0,623 2009 726 15,8 869 109 124 65,8
IPE 180 180 91 8,0 5,3 9 0,698 2395 869 18,8 1317 146 166 74,2
IPE 200 200 100 8,5 5,6 12 0,768 2848 1025 22,4 1943 194 221 82,6
IPE 220 220 110 9,2 5,9 12 0,848 3337 1189 26,2 2772 252 285 91,1
IPE 240 240 120 9,8 6,2 15 0,922 3912 1366 30,7 3892 324 367 99,7
IPE 270 270 135 10,2 6,6 15 1,04 4594 1647 36,1 5790 429 484 112
IPE 300 300 150 10,7 7,1 15 1,16 5381 1978 42,2 8356 557 628 125
IPE 330 330 160 11,5 7,5 18 1,25 6261 2303 49,1 11770 713 804 137
IPE 360 360 170 12,7 8,0 18 1,35 7273 2677 57,1 16270 904 1020 150
IPE 400 400 180 13,5 8,6 21 1,47 8446 3208 66,3 23130 1160 1310 165
IPE 450 450 190 14,6 9,4 21 1,61 9882 3956 77,5 33740 1500 1700 185
IPE 500 500 200 16,0 10,2 21 1,74 11550 4774 90,7 48200 1930 2190 204
IPE 550 550 210 17,2 11,1 24 1,88 13440 5723 106 67120 2440 2790 223
IPE 600 600 220 19,0 12,0 24 2,01 15600 6744 122 92080 3070 3510 243
rb
 8,5 3,69 5,82 10,5 0,0070 1,35 1,91 0,57 0,118 0,137 0,218 24,8 4,78 IPE 80
 15,9 5,79 9,15 12,4 0,0121 2,12 2,89 0,98 0,351 0,271 0,431 73,8 3,64 IPE 100
 27,7 8,65 13,6 14,5 0,0174 2,76 3,96 1,41 0,890 0,489 0,772 187 2,75 IPE 120
 45 12,3 19,2 16,5 0,0245 3,55 5,28 1,98 1,98 0,816 1,28 416 2,18 IPE 140
 68 16,7 26,1 18,4 0,0362 4,89 7,04 2,93 3,96 1,27 1,99 831 1,88 IPE 160
 101 22,2 34,6 20,5 0,0480 6,00 8,91 3,89 7,43 1,90 2,98 1560 1,58 IPE 180
 142 28,5 44,6 22,4 0,0702 8,26 11,6 5,69 13,0 2,71 4,27 2730 1,44 IPE 200
 205 37,3 58,1 24,8 0,0910 9,89 14,4 7,37 22,7 3,91 6,12 4760 1,24 IPE 220
 290 47,3 73,9 26,9 0,129 13,2 18,5 10,4 37,4 5,41 8,51 7850 1,15 IPE 240
 420 62,2 97,0 30,2 0,160 15,7 22,3 13,0 70,6 8,05 12,6 14800 0,935 IPE 270
 604 80,5 125 33,5 0,202 18,9 27,2 16,4 126 11,6 18,1 26400 0,787 IPE 300
 788 98,5 154 35,5 0,283 24,6 34,4 22,9 199 15,6 24,5 41800 0,740 IPE 330
 1043 123 191 37,9 0,375 29,5 43,1 30,4 314 21,2 33,2 65900 0,679 IPE 360
 1318 146 229 39,5 0,514 38,1 54,0 41,6 490 28,2 44,3 103000 0,636 IPE 400
 1676 176 276 41,2 0,671 46,0 67,0 54,4 791 38,2 60,2 166000 0,572 IPE 450
 2142 214 336 43,1 0,897 56,1 84,0 72,7 1250 51,6 81,3 262000 0,526 IPE 500
 2668 254 401 44,5 1,24 72,1 106 100 1880 67,4 107 396000 0,504 IPE 550
 3387 308 486 46,6 1,66 87,4 133 134 2850 89,0 141 598000 0,474 IPE 600
 